23, 22

0, 1, 1, 1, 0, 0, 0, 0, 1, 1, 1, 1, 1, 1, 1, 1, 1, 1, 0, 1, 1, 1, 1

1, 5, 1, 11, 1, 1, 11, 1, 5, 7, 1, 4, 3, 1, 7, 1, 4, 3, 4, 3, 5, 1

0, 25.318, 37.3363, 52.2398, 107.912, 100.305, 103.446, 99.363, 99.363, 68.7095, 63.1981, 151.433, 88.2327, 33.5261, 37.3363, 22.3607, 27.074, 49.0102, 53.0377, 89.1572, 86.3308, 42.2019, 36.1248, 63.5689, 75.9605, 59.0085, 94.0479, 156.984, 93.3006, 68.1836, 41.0122, 26.0192, 11, 31.0644, 21.095, 2, 91.4166, 22.8254, 36.8917, 29, 19, 89.4707, 122.332, 75.9605, 94.4299
25.318, 0, 15, 28.4605, 101.922, 98.5089, 120.88, 116.662, 116.662, 84.4038, 69.9214, 142.762, 63.3246, 15.6525, 45.618, 7.81025, 32.5269, 74.0608, 78.2304, 113.886, 109.444, 66.2722, 54.1295, 78.8162, 89.6939, 67.4166, 100.439, 148.071, 68.542, 43.9318, 51, 38.4187, 25.9615, 38.1838, 31.9061, 27.2947, 114.237, 45.5412, 52.4786, 48.1041, 44.1814, 70.9366, 132.189, 89.6939, 119.038
37.3363, 15, 0, 15, 90.4268, 89.0225, 122.348, 118.106, 118.106, 85.5862, 66.242, 129.808, 56.8595, 7.07107, 45.2548, 22.6716, 47.4236, 86.209, 90.05, 122.723, 123.227, 79.4292, 68.884, 79.9312, 89.3756, 64.8999, 95.2733, 135.004, 62.426, 31, 50.9117, 41.6773, 40.3113, 53.0754, 46.8722, 39.3192, 128.16, 59.203, 67.4166, 62.6498, 56.2228, 55.9732, 128.378, 89.3756, 127.613
52.2398, 28.4605, 15, 0, 89.0056, 90.609, 133.544, 129.321, 129.321, 97.0052, 74.6525, 125.16, 45.2548, 20.6155, 56.8595, 35.3412, 59.3633, 101.178, 105.043, 137.317, 137.768, 94.2019, 82.4621, 91.4002, 99.7647, 74.2765, 101.597, 130.081, 50.9117, 16, 62.426, 55.1543, 54.4059, 64.8999, 59.9333, 54.231, 142.618, 73.7564, 80.4984, 76.5506, 71.1758, 45.8039, 135.484, 99.7647, 142.127
107.912, 101.922, 90.4268, 89.0056, 0, 18, 104.077, 101.242, 101.242, 83.5703, 57.1402, 44.5533, 124.908, 86.5852, 74.5185, 109.11, 131.309, 139.388, 140.357, 147.33, 181.29, 140.186, 143.422, 81.4371, 76.922, 62.6817, 50, 50.2096, 129.808, 90.2552, 74.2496, 85.6037, 117.618, 136.565, 127.475, 108.908, 186.938, 127.883, 144.755, 136.213, 118.406, 58.1378, 75.9605, 76.922, 149.486
100.305, 98.5089, 89.0225, 90.609, 18, 0, 86.093, 83.2947, 83.2947, 67.082, 43.1393, 58.5235, 130.545, 84.0536, 64.4127, 105.076, 125.419, 126.811, 127.311, 131.034, 168.315, 128.81, 134.618, 65.5134, 59.808, 48.7955, 32, 64.0703, 135.772, 94.921, 62.9682, 76.0263, 110.68, 130.361, 120.806, 101.02, 173.971, 118.533, 136.565, 127.475, 108.407, 68.1175, 59.4811, 59.808, 132.914
103.446, 120.88, 122.348, 133.544, 104.077, 86.093, 0, 4.24264, 4.24264, 36.7696, 62.1691, 139.718, 178.645, 115.278, 77.1038, 122.642, 128.445, 91.022, 88.0227, 63.1348, 121.037, 100.499, 120.075, 42.4264, 34.4819, 60.5392, 54.1479, 144.641, 184.288, 146.24, 71.4493, 82.4621, 113.146, 130.545, 121.334, 102.474, 125.96, 105.65, 124.908, 115.248, 95.5196, 138.578, 45.2769, 34.4819, 61.8547
99.363, 116.662, 118.106, 129.321, 101.242, 83.2947, 4.24264, 0, 0, 32.5269, 58.1808, 137.641, 174.413, 111.036, 72.8629, 118.461, 124.483, 88.0057, 85.1469, 62.1289, 118.962, 97.2523, 116.499, 38.1838, 30.4138, 56.4358, 51.4781, 142.636, 180.056, 142.056, 67.2086, 78.2432, 109.124, 126.649, 117.388, 98.4124, 123.968, 101.922, 121.277, 111.571, 91.7061, 134.737, 45.3431, 30.4138, 61.2209
99.363, 116.662, 118.106, 129.321, 101.242, 83.2947, 4.24264, 0, 0, 32.5269, 58.1808, 137.641, 174.413, 111.036, 72.8629, 118.461, 124.483, 88.0057, 85.1469, 62.1289, 118.962, 97.2523, 116.499, 38.1838, 30.4138, 56.4358, 51.4781, 142.636, 180.056, 142.056, 67.2086, 78.2432, 109.124, 126.649, 117.388, 98.4124, 123.968, 101.922, 121.277, 111.571, 91.7061, 134.737, 45.3431, 30.4138, 61.2209
68.7095, 84.4038, 85.5862, 97.0052, 83.5703, 67.082, 36.7696, 32.5269, 32.5269, 0, 30.0167, 125.399, 141.993, 78.5175, 40.3609, 86.6083, 94.921, 69.2892, 68.0294, 63.9531, 107.378, 75.71, 91.0055, 5.65685, 9.84886, 26.4764, 41.0366, 130.863, 147.628, 110.136, 34.7131, 46.0435, 79.0569, 97.7446, 88.0568, 68.0074, 112.898, 75.1665, 95.1315, 85.1469, 64.2806, 106.301, 57.4282, 9.84886, 65.9242
63.1981, 69.9214, 66.242, 74.6525, 57.1402, 43.1393, 62.1691, 58.1808, 58.1808, 30.0167, 0, 101.045, 119.754, 59.4811, 26, 74.5252, 90.05, 83.7377, 84.1724, 91.3947, 125.176, 86.2844, 94.5569, 26.1725, 27.8568, 5.65685, 31.0644, 106.668, 125.399, 85.6329, 22.3607, 37.2156, 74.1687, 94.2603, 84.2912, 63.3877, 130.832, 78.1089, 97.2677, 87.6413, 67.4166, 76.922, 62.3939, 27.8568, 94.1116
151.433, 142.762, 129.808, 125.16, 44.5533, 58.5235, 139.718, 137.641, 137.641, 125.399, 101.045, 0, 153, 127.122, 119.004, 150.306, 173.589, 183.897, 184.784, 189.307, 225.754, 184.719, 187.278, 124.02, 117.618, 106.668, 87.0919, 5.65685, 157.051, 122.053, 118.802, 129.958, 160.702, 179.011, 170.309, 152.552, 231.407, 172.003, 188.322, 180.069, 162.742, 84.1487, 102.122, 117.618, 190.969
88.2327, 63.3246, 56.8595, 45.2548, 124.908, 130.545, 178.645, 174.413, 174.413, 141.993, 119.754, 153, 0, 63.8201, 101.671, 66.2193, 82, 135.518, 140.036, 177.2, 166, 126.151, 108, 136.36, 145, 119.52, 145.609, 157.051, 5.65685, 35.7771, 107.299, 98.4784, 85.5102, 86.093, 86.209, 90.1388, 170.047, 105.224, 104.077, 104.173, 106.48, 69.1809, 179.744, 145, 182.362
33.5261, 15.6525, 7.07107, 20.6155, 86.5852, 84.0536, 115.278, 111.036, 111.036, 78.5175, 59.4811, 127.122, 63.8201, 0, 38.1838, 23.3238, 47.634, 81.7435, 85.3756, 116.709, 119.854, 75.6902, 67.1193, 72.8629, 82.3286, 57.9828, 88.8651, 132.424, 69.4046, 36.3456, 43.8406, 34.8855, 38.2753, 53.2635, 46.0109, 35.4401, 124.92, 56.0803, 66.2193, 60.5392, 51.9711, 56.8595, 121.742, 82.3286, 121.511
37.3363, 45.618, 45.2548, 56.8595, 74.5185, 64.4127, 77.1038, 72.8629, 72.8629, 40.3609, 26, 119.004, 101.671, 38.1838, 0, 49.3356, 64.0703, 66.0303, 67.7422, 87.023, 108.005, 65.7647, 70.2638, 34.7131, 44.4072, 22.3607, 57.0351, 124.652, 107.299, 70.6612, 5.65685, 11.7047, 48.2597, 68.3593, 58.4209, 37.6563, 113.6, 54.1202, 72.45, 63.1585, 44.1022, 74.1687, 87.0919, 44.4072, 91.022
22.3607, 7.81025, 22.6716, 35.3412, 109.11, 105.076, 122.642, 118.461, 118.461, 86.6083, 74.5252, 150.306, 66.2193, 23.3238, 49.3356, 0, 24.7588, 69.5845, 73.9797, 111.485, 103.407, 61, 47.1699, 81.1234, 92.5743, 71.5681, 105.38, 155.641, 71.1688, 50.2892, 54.4243, 40.7063, 20.025, 30.4138, 24.5967, 24.1661, 108.06, 40.0125, 45.1774, 41.4849, 40.2616, 78.6448, 136.4, 92.5743, 116.778
27.074, 32.5269, 47.4236, 59.3633, 131.309, 125.419, 128.445, 124.483, 124.483, 94.921, 90.05, 173.589, 82, 47.634, 64.0703, 24.7588, 0, 57.2451, 62.1772, 104.403, 84, 46.2385, 26, 89.9889, 102.611, 86.0058, 121.004, 179.011, 86.093, 73.3485, 68.0074, 53.0094, 16.1245, 5.65685, 7.2111, 27.2947, 88.0909, 27.2029, 22.3607, 22.8035, 34.2053, 103.392, 149.345, 102.611, 110
49.0102, 74.0608, 86.209, 101.178, 139.388, 126.811, 91.022, 88.0057, 88.0057, 69.2892, 83.7377, 183.897, 135.518, 81.7435, 66.0303, 69.5845, 57.2451, 0, 5, 48.8365, 42.0119, 12.0416, 36.0694, 67.1193, 79.1202, 78.1025, 108.301, 189.552, 140.246, 117.154, 65.2993, 56.8243, 50.01, 55.7584, 51.0784, 47.0106, 47.634, 30.6757, 41.7253, 35.2278, 30.0167, 135.03, 125.877, 79.1202, 54.4885
53.0377, 78.2304, 90.05, 105.043, 140.357, 127.311, 88.0227, 85.1469, 85.1469, 68.0294, 84.1724, 184.784, 140.036, 85.3756, 67.7422, 73.9797, 62.1772, 5, 0, 43.9318, 41.0122, 16.9706, 41.0122, 66.242, 77.8781, 78.5175, 107.703, 190.434, 144.81, 121.037, 66.6108, 59.0931, 54.5711, 60.7454, 55.9464, 51.0392, 46.669, 35.4683, 46.669, 40.2244, 34.0588, 137.928, 124.04, 77.8781, 49.5782
89.1572, 113.886, 122.723, 137.317, 147.33, 131.034, 63.1348, 62.1289, 62.1289, 63.9531, 91.3947, 189.307, 177.2, 116.709, 87.023, 111.485, 104.403, 48.8365, 43.9318, 0, 62, 60.8769, 84.8999, 65.9242, 71.8679, 86.4002, 103.47, 194.743, 182.362, 152.971, 83.2166, 83.4865, 94.0213, 103.711, 97.6524, 87.3212, 66.1211, 77.201, 90.5538, 83.5464, 72.0694, 161.152, 107.201, 71.8679, 5.65685
86.3308, 109.444, 123.227, 137.768, 181.29, 168.315, 121.037, 118.962, 118.962, 107.378, 125.176, 225.754, 166, 119.854, 108.005, 103.407, 84, 42.0119, 41.0122, 62, 0, 44.3847, 58, 106.254, 117.137, 119.52, 147.872, 231.407, 170.047, 153.375, 107.299, 98.4784, 83.5464, 80.0999, 80.2247, 84.4334, 5.65685, 64.0312, 62.1289, 62.2896, 68.542, 175.163, 161.245, 117.137, 66.1211
42.2019, 66.2722, 79.4292, 94.2019, 140.186, 128.81, 100.499, 97.2523, 97.2523, 75.71, 86.2844, 184.719, 126.151, 75.6902, 65.7647, 61, 46.2385, 12.0416, 16.9706, 60.8769, 44.3847, 0, 24.0416, 72.8011, 85.3756, 80.7775, 112.925, 190.371, 130.698, 110.027, 66.0681, 55.3173, 41.0122, 44.2945, 40.5216, 40.2616, 49.6588, 21.0238, 29.6985, 23.7065, 24.1661, 130.782, 133.004, 85.3756, 66.5282
36.1248, 54.1295, 68.884, 82.4621, 143.422, 134.618, 120.075, 116.499, 116.499, 91.0055, 94.5569, 187.278, 108, 67.1193, 70.2638, 47.1699, 26, 36.0694, 41.0122, 84.8999, 58, 24.0416, 0, 87.0517, 100.045, 89.56, 123.976, 192.855, 112.071, 97.4064, 72.45, 58.6003, 28.8444, 22.3607, 22.8035, 34.8281, 62.1289, 16.4924, 5.65685, 7.2111, 27.4591, 123.976, 148.122, 100.045, 90.5538
63.5689, 78.8162, 79.9312, 91.4002, 81.4371, 65.5134, 42.4264, 38.1838, 38.1838, 5.65685, 26.1725, 124.02, 136.36, 72.8629, 34.7131, 81.1234, 89.9889, 67.1193, 66.242, 65.9242, 106.254, 72.8011, 87.0517, 0, 13, 22.0227, 41.6173, 129.542, 141.993, 104.623, 29.0689, 40.4969, 74.0405, 92.9624, 83.1986, 62.9365, 111.83, 71.007, 91.0055, 81.0062, 60.0333, 101.607, 61.0737, 13, 68.3081
75.9605, 89.6939, 89.3756, 99.7647, 76.922, 59.808, 34.4819, 30.4138, 30.4138, 9.84886, 27.8568, 117.618, 145, 82.3286, 44.4072, 92.5743, 102.611, 79.1202, 77.8781, 71.8679, 117.137, 85.3756, 100.045, 13, 0, 26.0768, 31.8904, 123.004, 150.655, 112.004, 38.833, 51.8941, 86.5852, 105.721, 95.901, 75.4321, 122.642, 84.006, 104.005, 94.0053, 73.0274, 104.695, 48.0937, 0, 73.3553
59.0085, 67.4166, 64.8999, 74.2765, 62.6817, 48.7955, 60.5392, 56.4358, 56.4358, 26.4764, 5.65685, 106.668, 119.52, 57.9828, 22.3607, 71.5681, 86.0058, 78.1025, 78.5175, 86.4002, 119.52, 80.7775, 89.56, 22.0227, 26.0768, 0, 35.0571, 112.294, 125.176, 86.0523, 18, 33, 70.0071, 90.05, 80.0562, 59.0762, 125.176, 73.0821, 92.4175, 82.7103, 62.2977, 79.8311, 64.846, 26.0768, 89.2693
94.0479, 100.439, 95.2733, 101.597, 50, 32, 54.1479, 51.4781, 51.4781, 41.0366, 31.0644, 87.0919, 145.609, 88.8651, 57.0351, 105.38, 121.004, 108.301, 107.703, 103.47, 147.872, 112.925, 123.976, 41.6173, 31.8904, 35.0571, 0, 92.3093, 151.162, 110.209, 53.0377, 68.0294, 105.043, 125.1, 115.109, 94.1329, 153.447, 107.49, 127.098, 117.277, 96.5401, 92.0869, 34.2053, 31.8904, 104.623
156.984, 148.071, 135.004, 130.081, 50.2096, 64.0703, 144.641, 142.636, 142.636, 130.863, 106.668, 5.65685, 157.051, 132.424, 124.652, 155.641, 179.011, 189.552, 190.434, 194.743, 231.407, 190.371, 192.855, 129.542, 123.004, 112.294, 92.3093, 0, 161, 126.59, 124.459, 135.591, 166.208, 184.448, 175.787, 158.114, 237.059, 177.609, 193.869, 185.648, 168.372, 88.459, 106.381, 123.004, 196.359
93.3006, 68.542, 62.426, 50.9117, 129.808, 135.772, 184.288, 180.056, 180.056, 147.628, 125.399, 157.051, 5.65685, 69.4046, 107.299, 71.1688, 86.093, 140.246, 144.81, 182.362, 170.047, 130.698, 112.071, 141.993, 150.655, 125.176, 151.162, 161, 0, 41.1825, 112.929, 104.01, 90.2441, 90, 90.5538, 95.1893, 174, 109.836, 108, 108.462, 111.4, 73.5527, 185.311, 150.655, 187.553
68.1836, 43.9318, 31, 16, 90.2552, 94.921, 146.24, 142.056, 142.056, 110.136, 85.6329, 122.053, 35.7771, 36.3456, 70.6612, 50.2892, 73.3485, 117.154, 121.037, 152.971, 153.375, 110.027, 97.4064, 104.623, 112.004, 86.0523, 110.209, 126.59, 41.1825, 0, 76.0592, 70.214, 69.857, 78.7147, 74.6726, 70.1783, 158.152, 89.4427, 95.0789, 91.7606, 87.1436, 38.6005, 144.402, 112.004, 157.709
41.0122, 51, 50.9117, 62.426, 74.2496, 62.9682, 71.4493, 67.2086, 67.2086, 34.7131, 22.3607, 118.802, 107.299, 43.8406, 5.65685, 54.4243, 68.0074, 65.2993, 66.6108, 83.2166, 107.299, 66.0681, 72.45, 29.0689, 38.833, 18, 53.0377, 124.459, 112.929, 76.0592, 0, 15, 52.0096, 72.0625, 62.0725, 41.1096, 112.929, 56.0803, 75, 65.4599, 45.618, 78.0064, 82.2253, 38.833, 87.023
26.0192, 38.4187, 41.6773, 55.1543, 85.6037, 76.0263, 82.4621, 78.2432, 78.2432, 46.0435, 37.2156, 129.958, 98.4784, 34.8855, 11.7047, 40.7063, 53.0094, 56.8243, 59.0931, 83.4865, 98.4784, 55.3173, 58.6003, 40.4969, 51.8941, 33, 68.0294, 135.591, 104.01, 70.214, 15, 0, 37.0135, 57.0789, 47.0956, 26.1725, 104.01, 42.5441, 60.7454, 51.4781, 32.8024, 79.6241, 96.8814, 51.8941, 87.9659
11, 25.9615, 40.3113, 54.4059, 117.618, 110.68, 113.146, 109.124, 109.124, 79.0569, 74.1687, 160.702, 85.5102, 38.2753, 48.2597, 20.025, 16.1245, 50.01, 54.5711, 94.0213, 83.5464, 41.0122, 28.8444, 74.0405, 86.5852, 70.0071, 105.043, 166.208, 90.2441, 69.857, 52.0096, 37.0135, 0, 20.0998, 10.198, 11.1803, 88.295, 20, 28.2843, 22.3607, 21.9545, 95.1315, 133.222, 86.5852, 99.4786
31.0644, 38.1838, 53.0754, 64.8999, 136.565, 130.361, 130.545, 126.649, 126.649, 97.7446, 94.2603, 179.011, 86.093, 53.2635, 68.3593, 30.4138, 5.65685, 55.7584, 60.7454, 103.711, 80.0999, 44.2945, 22.3607, 92.9624, 105.721, 90.05, 125.1, 184.448, 90, 78.7147, 72.0625, 57.0789, 20.0998, 0, 10, 31, 84, 26.9072, 18, 20.5913, 35.3553, 109.041, 152.84, 105.721, 109.343
21.095, 31.9061, 46.8722, 59.9333, 127.475, 120.806, 121.334, 117.388, 117.388, 88.0568, 84.2912, 170.309, 86.209, 46.0109, 58.4209, 24.5967, 7.2111, 51.0784, 55.9464, 97.6524, 80.2247, 40.5216, 22.8035, 83.1986, 95.901, 80.0562, 115.109, 175.787, 90.5538, 74.6726, 62.0725, 47.0956, 10.198, 10, 0, 21, 84.5931, 20.5913, 20.5913, 18, 27.0185, 102.616, 142.899, 95.901, 103.228
2, 27.2947, 39.3192, 54.231, 108.908, 101.02, 102.474, 98.4124, 98.4124, 68.0074, 63.3877, 152.552, 90.1388, 35.4401, 37.6563, 24.1661, 27.2947, 47.0106, 51.0392, 87.3212, 84.4334, 40.2616, 34.8281, 62.9365, 75.4321, 59.0762, 94.1329, 158.114, 95.1893, 70.1783, 41.1096, 26.1725, 11.1803, 31, 21, 0, 89.5377, 21.095, 35.8469, 27.6586, 17, 91.2414, 122.053, 75.4321, 92.6121
91.4166, 114.237, 128.16, 142.618, 186.938, 173.971, 125.96, 123.968, 123.968, 112.898, 130.832, 231.407, 170.047, 124.92, 113.6, 108.06, 88.0909, 47.634, 46.669, 66.1211, 5.65685, 49.6588, 62.1289, 111.83, 122.642, 125.176, 153.447, 237.059, 174, 158.152, 112.929, 104.01, 88.295, 84, 84.5931, 89.5377, 0, 68.9638, 66, 66.7533, 73.8241, 180.427, 166.517, 122.642, 70
22.8254, 45.5412, 59.203, 73.7564, 127.883, 118.533, 105.65, 101.922, 101.922, 75.1665, 78.1089, 172.003, 105.224, 56.0803, 54.1202, 40.0125, 27.2029, 30.6757, 35.4683, 77.201, 64.0312, 21.0238, 16.4924, 71.007, 84.006, 73.0821, 107.49, 177.609, 109.836, 89.4427, 56.0803, 42.5441, 20, 26.9072, 20.5913, 21.095, 68.9638, 0, 20, 10, 11.0454, 112.294, 132.015, 84.006, 82.801
36.8917, 52.4786, 67.4166, 80.4984, 144.755, 136.565, 124.908, 121.277, 121.277, 95.1315, 97.2677, 188.322, 104.077, 66.2193, 72.45, 45.1774, 22.3607, 41.7253, 46.669, 90.5538, 62.1289, 29.6985, 5.65685, 91.0055, 104.005, 92.4175, 127.098, 193.869, 108, 95.0789, 75, 60.7454, 28.2843, 18, 20.5913, 35.8469, 66, 20, 0, 10, 31.0161, 123.004, 152.013, 104.005, 96.2081
29, 48.1041, 62.6498, 76.5506, 136.213, 127.475, 115.248, 111.571, 111.571, 85.1469, 87.6413, 180.069, 104.173, 60.5392, 63.1585, 41.4849, 22.8035, 35.2278, 40.2244, 83.5464, 62.2896, 23.7065, 7.2111, 81.0062, 94.0053, 82.7103, 117.277, 185.648, 108.462, 91.7606, 65.4599, 51.4781, 22.3607, 20.5913, 18, 27.6586, 66.7533, 10, 10, 0, 21.0238, 117.346, 142.014, 94.0053, 89.1964
19, 44.1814, 56.2228, 71.1758, 118.406, 108.407, 95.5196, 91.7061, 91.7061, 64.2806, 67.4166, 162.742, 106.48, 51.9711, 44.1022, 40.2616, 34.2053, 30.0167, 34.0588, 72.0694, 68.542, 24.1661, 27.4591, 60.0333, 73.0274, 62.2977, 96.5401, 168.372, 111.4, 87.1436, 45.618, 32.8024, 21.9545, 35.3553, 27.0185, 17, 73.8241, 11.0454, 31.0161, 21.0238, 0, 106.621, 121.004, 73.0274, 77.5242
89.4707, 70.9366, 55.9732, 45.8039, 58.1378, 68.1175, 138.578, 134.737, 134.737, 106.301, 76.922, 84.1487, 69.1809, 56.8595, 74.1687, 78.6448, 103.392, 135.03, 137.928, 161.152, 175.163, 130.782, 123.976, 101.607, 104.695, 79.8311, 92.0869, 88.459, 73.5527, 38.6005, 78.0064, 79.6241, 95.1315, 109.041, 102.616, 91.2414, 180.427, 112.294, 123.004, 117.346, 106.621, 0, 125.1, 104.695, 165.027
122.332, 132.189, 128.378, 135.484, 75.9605, 59.4811, 45.2769, 45.3431, 45.3431, 57.4282, 62.3939, 102.122, 179.744, 121.742, 87.0919, 136.4, 149.345, 125.877, 124.04, 107.201, 161.245, 133.004, 148.122, 61.0737, 48.0937, 64.846, 34.2053, 106.381, 185.311, 144.402, 82.2253, 96.8814, 133.222, 152.84, 142.899, 122.053, 166.517, 132.015, 152.013, 142.014, 121.004, 125.1, 0, 48.0937, 106.527
75.9605, 89.6939, 89.3756, 99.7647, 76.922, 59.808, 34.4819, 30.4138, 30.4138, 9.84886, 27.8568, 117.618, 145, 82.3286, 44.4072, 92.5743, 102.611, 79.1202, 77.8781, 71.8679, 117.137, 85.3756, 100.045, 13, 0, 26.0768, 31.8904, 123.004, 150.655, 112.004, 38.833, 51.8941, 86.5852, 105.721, 95.901, 75.4321, 122.642, 84.006, 104.005, 94.0053, 73.0274, 104.695, 48.0937, 0, 73.3553
94.4299, 119.038, 127.613, 142.127, 149.486, 132.914, 61.8547, 61.2209, 61.2209, 65.9242, 94.1116, 190.969, 182.362, 121.511, 91.022, 116.778, 110, 54.4885, 49.5782, 5.65685, 66.1211, 66.5282, 90.5538, 68.3081, 73.3553, 89.2693, 104.623, 196.359, 187.553, 157.709, 87.023, 87.9659, 99.4786, 109.343, 103.228, 92.6121, 70, 82.801, 96.2081, 89.1964, 77.5242, 165.027, 106.527, 73.3553, 0
0, 0, 0, 0, 0, 0, 0, 0, 0, 0, 0, 0, 1, 0, 0, 0, 0, 1, 0, 0, 0, 0
0, 0, 0, 0, 0, 0, 0, 0, 0, 1, 0, 1, 1, 0, 0, 0, 0, 0, 0, 0, 0, 0
0, 0, 0, 0, 0, 0, 1, 0, 1, 1, 0, 0, 0, 0, 0, 0, 0, 0, 0, 0, 0, 0
0, 0, 0, 0, 0, 1, 1, 0, 0, 0, 0, 0, 0, 0, 0, 0, 0, 0, 1, 0, 0, 0
0, 0, 0, 1, 1, 0, 0, 0, 0, 0, 0, 0, 0, 0, 0, 0, 0, 0, 1, 0, 0, 0
0, 0, 1, 1, 0, 0, 0, 0, 0, 0, 0, 0, 0, 0, 0, 0, 0, 0, 0, 1, 0, 0
0, 0, 0, 0, 0, 0, 0, 0, 0, 0, 0, 0, 0, 0, 0, 0, 0, 0, 0, 1, 1, 0
0, 1, 0, 0, 0, 0, 0, 0, 0, 0, 0, 0, 0, 0, 0, 0, 0, 0, 0, 0, 1, 0
1, 1, 0, 0, 0, 0, 0, 0, 0, 0, 0, 0, 0, 0, 0, 0, 0, 0, 0, 0, 0, 0
1, 0, 0, 0, 0, 0, 0, 0, 0, 0, 0, 0, 0, 0, 0, 0, 0, 0, 0, 0, 0, 0
0, 0, 1, 0, 0, 0, 0, 0, 0, 0, 0, 0, 0, 0, 0, 0, 0, 0, 0, 0, 0, 0
0, 0, 0, 0, 1, 0, 0, 0, 0, 0, 0, 0, 0, 0, 0, 0, 0, 0, 0, 0, 0, 0
0, 0, 0, 0, 0, 1, 0, 0, 0, 0, 0, 0, 0, 0, 0, 0, 0, 0, 0, 0, 0, 0
0, 0, 0, 0, 0, 0, 0, 1, 1, 0, 0, 0, 0, 0, 0, 0, 0, 0, 0, 0, 0, 0
0, 0, 0, 0, 0, 0, 0, 1, 0, 0, 0, 0, 0, 0, 0, 0, 0, 0, 0, 0, 0, 0
0, 0, 0, 0, 0, 0, 0, 0, 0, 0, 1, 1, 0, 0, 0, 0, 0, 0, 0, 0, 0, 0
0, 0, 0, 0, 0, 0, 0, 0, 0, 0, 1, 0, 0, 0, 0, 0, 0, 0, 0, 0, 0, 0
0, 0, 0, 0, 0, 0, 0, 0, 0, 0, 0, 0, 0, 0, 1, 0, 1, 1, 0, 0, 0, 0
0, 0, 0, 0, 0, 0, 0, 0, 0, 0, 0, 0, 0, 1, 1, 0, 0, 0, 0, 0, 0, 1
0, 0, 0, 0, 0, 0, 0, 0, 0, 0, 0, 0, 0, 0, 0, 0, 0, 0, 0, 0, 0, 1
0, 0, 0, 0, 0, 0, 0, 0, 0, 0, 0, 0, 0, 1, 0, 0, 0, 0, 0, 0, 0, 0
0, 0, 0, 0, 0, 0, 0, 0, 0, 0, 0, 0, 0, 0, 0, 1, 1, 0, 0, 0, 0, 0
0, 0, 0, 0, 0, 0, 0, 0, 0, 0, 0, 0, 0, 0, 0, 1, 0, 0, 0, 0, 0, 0

0, 0, 0, 0, 0, 0, 0, 0, 1, 1, 0, 0, 0, 0, 0, 0, 0, 0, 0, 0, 0, 0, 0
0, 0, 0, 0, 0, 0, 0, 1, 1, 0, 0, 0, 0, 0, 0, 0, 0, 0, 0, 0, 0, 0, 0
0, 0, 0, 0, 0, 1, 0, 0, 0, 0, 1, 0, 0, 0, 0, 0, 0, 0, 0, 0, 0, 0, 0
0, 0, 0, 0, 1, 1, 0, 0, 0, 0, 0, 0, 0, 0, 0, 0, 0, 0, 0, 0, 0, 0, 0
0, 0, 0, 0, 1, 0, 0, 0, 0, 0, 0, 1, 0, 0, 0, 0, 0, 0, 0, 0, 0, 0, 0
0, 0, 0, 1, 0, 0, 0, 0, 0, 0, 0, 0, 1, 0, 0, 0, 0, 0, 0, 0, 0, 0, 0
0, 0, 1, 1, 0, 0, 0, 0, 0, 0, 0, 0, 0, 0, 0, 0, 0, 0, 0, 0, 0, 0, 0
0, 0, 0, 0, 0, 0, 0, 0, 0, 0, 0, 0, 0, 1, 1, 0, 0, 0, 0, 0, 0, 0, 0
0, 0, 1, 0, 0, 0, 0, 0, 0, 0, 0, 0, 0, 1, 0, 0, 0, 0, 0, 0, 0, 0, 0
0, 1, 1, 0, 0, 0, 0, 0, 0, 0, 0, 0, 0, 0, 0, 0, 0, 0, 0, 0, 0, 0, 0
0, 0, 0, 0, 0, 0, 0, 0, 0, 0, 0, 0, 0, 0, 0, 1, 1, 0, 0, 0, 0, 0, 0
0, 1, 0, 0, 0, 0, 0, 0, 0, 0, 0, 0, 0, 0, 0, 1, 0, 0, 0, 0, 0, 0, 0
1, 1, 0, 0, 0, 0, 0, 0, 0, 0, 0, 0, 0, 0, 0, 0, 0, 0, 0, 0, 0, 0, 0
0, 0, 0, 0, 0, 0, 0, 0, 0, 0, 0, 0, 0, 0, 0, 0, 0, 0, 1, 0, 1, 0, 0
0, 0, 0, 0, 0, 0, 0, 0, 0, 0, 0, 0, 0, 0, 0, 0, 0, 1, 1, 0, 0, 0, 0
0, 0, 0, 0, 0, 0, 0, 0, 0, 0, 0, 0, 0, 0, 0, 0, 0, 0, 0, 0, 0, 1, 1
0, 0, 0, 0, 0, 0, 0, 0, 0, 0, 0, 0, 0, 0, 0, 0, 0, 1, 0, 0, 0, 1, 0
1, 0, 0, 0, 0, 0, 0, 0, 0, 0, 0, 0, 0, 0, 0, 0, 0, 1, 0, 0, 0, 0, 0
0, 0, 0, 1, 1, 0, 0, 0, 0, 0, 0, 0, 0, 0, 0, 0, 0, 0, 0, 0, 0, 0, 0
0, 0, 0, 0, 0, 1, 1, 0, 0, 0, 0, 0, 0, 0, 0, 0, 0, 0, 0, 0, 0, 0, 0
0, 0, 0, 0, 0, 0, 1, 1, 0, 0, 0, 0, 0, 0, 0, 0, 0, 0, 0, 0, 0, 0, 0
0, 0, 0, 0, 0, 0, 0, 0, 0, 0, 0, 0, 0, 0, 0, 0, 0, 0, 1, 1, 0, 0, 0

0, 1, 0, 0, 0, 0, 0, 0, 0, 0, 0, 0, 0, 0, 0, 0, 0, 1, 0, 0, 0, 0, 0
1, 0, 1, 0, 0, 0, 0, 0, 0, 0, 0, 0, 0, 0, 0, 1, 0, 0, 0, 0, 0, 0, 0
0, 1, 0, 1, 0, 0, 0, 0, 0, 0, 0, 0, 0, 1, 0, 0, 0, 0, 0, 0, 0, 0, 0
0, 0, 1, 0, 1, 0, 0, 0, 0, 0, 0, 0, 1, 0, 0, 0, 0, 0, 0, 0, 0, 0, 0
0, 0, 0, 1, 0, 1, 0, 0, 0, 0, 0, 1, 0, 0, 0, 0, 0, 0, 0, 0, 0, 0, 0
0, 0, 0, 0, 1, 0, 1, 0, 0, 0, 1, 0, 0, 0, 0, 0, 0, 0, 0, 0, 0, 0, 0
0, 0, 0, 0, 0, 1, 0, 1, 0, 0, 0, 0, 0, 0, 0, 0, 0, 0, 0, 0, 0, 0, 0
0, 0, 0, 0, 0, 0, 1, 0, 1, 0, 0, 0, 0, 0, 0, 0, 0, 0, 0, 0, 0, 0, 0
0, 0, 0, 0, 0, 0, 0, 1, 0, 1, 0, 0, 0, 0, 0, 0, 0, 0, 0, 0, 0, 0, 0
0, 0, 0, 0, 0, 0, 0, 0, 1, 0, 0, 0, 0, 0, 0, 0, 0, 0, 0, 0, 0, 0, 0
0, 0, 0, 0, 0, 1, 0, 0, 0, 0, 0, 0, 0, 0, 0, 0, 0, 0, 0, 0, 0, 0, 0
0, 0, 0, 0, 1, 0, 0, 0, 0, 0, 0, 0, 0, 0, 0, 0, 0, 0, 0, 0, 0, 0, 0
0, 0, 0, 1, 0, 0, 0, 0, 0, 0, 0, 0, 0, 0, 0, 0, 0, 0, 0, 0, 0, 0, 0
0, 0, 1, 0, 0, 0, 0, 0, 0, 0, 0, 0, 0, 0, 1, 0, 0, 0, 0, 0, 0, 0, 0
0, 0, 0, 0, 0, 0, 0, 0, 0, 0, 0, 0, 0, 1, 0, 0, 0, 0, 0, 0, 0, 0, 0
0, 1, 0, 0, 0, 0, 0, 0, 0, 0, 0, 0, 0, 0, 0, 0, 1, 0, 0, 0, 0, 0, 0
0, 0, 0, 0, 0, 0, 0, 0, 0, 0, 0, 0, 0, 0, 0, 1, 0, 0, 0, 0, 0, 0, 0
1, 0, 0, 0, 0, 0, 0, 0, 0, 0, 0, 0, 0, 0, 0, 0, 0, 0, 1, 0, 0, 1, 0
0, 0, 0, 0, 0, 0, 0, 0, 0, 0, 0, 0, 0, 0, 0, 0, 0, 1, 0, 1, 1, 0, 0
0, 0, 0, 0, 0, 0, 0, 0, 0, 0, 0, 0, 0, 0, 0, 0, 0, 0, 1, 0, 0, 0, 0
0, 0, 0, 0, 0, 0, 0, 0, 0, 0, 0, 0, 0, 0, 0, 0, 0, 0, 1, 0, 0, 0, 0
0, 0, 0, 0, 0, 0, 0, 0, 0, 0, 0, 0, 0, 0, 0, 0, 0, 1, 0, 0, 0, 0, 1
0, 0, 0, 0, 0, 0, 0, 0, 0, 0, 0, 0, 0, 0, 0, 0, 0, 0, 0, 0, 0, 1, 0

